2011 01 08 22 57
2011 01 08 22 00
2011 01 12 22 04
2011 01 13 06 32
2011 01 20 05 51
2011 01 20 17 06
2011 01 25 18 58
2011 01 26 15 55
2011 02 08 03 04
2011 02 14 15 43
2011 02 28 21 25
2011 03 17 13 49
2011 03 20 10 07
2011 03 23 02 00
2011 03 24 13 20
2011 04 04 08 44
2011 04 05 09 31
2011 04 17 21 40
2011 04 19 14 18
2011 04 20 21 37
2011 05 11 19 52
2011 05 26 22 58
2011 05 27 16 46
2011 06 05 09 15
2011 06 14 19 57
2011 06 26 20 44
2011 06 27 16 54
2011 07 02 04 44
2011 07 11 19 10
2011 08 01 19 35
2011 08 06 21 04
2011 08 14 23 36
2011 08 17 21 03
2011 08 25 00 59
2011 09 15 20 37
2011 09 19 11 38
2011 09 20 19 06
2011 09 21 18 25
2011 09 28 21 03
2011 10 05 11 44
2011 10 18 00 39
2011 11 01 18 29
2011 11 13 18 55
2011 11 15 15 26
2011 11 19 03 17
2011 12 04 16 17
2011 12 11 23 30
2011 12 16 21 58
2011 12 25 20 45
2011 12 26 23 54
